      184.21
      168.60
      156.30
      178.49
      166.67
      169.97
      193.25
      184.95
      184.31
      121.04
      185.75
      174.75
      182.22
      165.01
      160.30
      129.30
      172.41
      183.74
      160.02
      206.33
      118.88
      163.12
      170.13
      143.25
      179.31
      159.11
      223.36
      168.56
      162.11
      154.45
      146.07
      156.87
      160.89
      164.08
      149.24
      191.41
      180.63
      171.05
      204.35
      162.55
      169.28
      150.64
      183.04
      216.45
      190.75
      159.46
      158.83
      172.57
      193.09
      154.37
      167.55
      168.59
      172.30
      167.56
      147.94
      179.66
      198.37
      139.78
      192.17
      152.87
      181.45
      186.54
      185.53
      197.37
      182.34
      176.99
      193.34
      175.67
      147.30
      180.74
      142.78
      147.01
      163.58
      193.60
      193.13
      135.57
      211.83
      173.44
      169.81
      191.51
      185.31
      209.99
      162.56
      192.08
      171.37
      175.07
      122.73
      189.52
      202.51
      192.05
      187.76
      194.73
      127.87
      168.80
      206.27
      196.92
      169.88
      193.30
      144.94
      159.31
      175.35
      201.07
      130.27
      167.39
      192.76
      149.41
      136.92
      191.53
      149.04
      204.06
      168.99
      177.10
      170.73
      200.20
      171.99
      160.06
      192.65
      183.84
      175.61
      175.57
      128.32
      177.59
      151.88
      177.36
      145.93
      141.99
      164.34
      153.00
      147.55
      153.07
      185.78
      145.47
      191.52
      179.08
      113.81
      122.03
      174.93
      164.55
      205.83
      166.49
      158.69
      175.37
      175.18
      198.26
      165.39
      164.17
      155.39
      144.45
      161.12
      171.17
      144.92
      185.16
      122.05
      187.75
      176.00
      184.05
      132.87
      160.29
      178.05
      149.70
      158.26
      162.89
      140.47
      154.59
      121.44
      124.52
      156.60
      156.83
      187.42
      178.07
      170.47
      160.42
      212.32
      166.43
      193.30
      150.45
      158.52
      184.61
      196.14
      164.45
      186.60
      172.82
      157.75
      154.47
      179.62
      157.73
      175.38
      181.23
      174.69
      172.02
      161.41
      171.58
      185.07
      179.00
      162.09
      141.08
      196.13
      180.66
      169.67
      170.12
      152.91
      147.29
      176.36
      170.30
      140.13
      149.96
      183.08
      168.02
      205.53
      190.44
      162.06
      186.40
      200.91
      201.65
      187.88
      211.34
      152.32
      154.85
      162.76
      167.36
      168.42
      148.05
      162.23
      167.07
      189.21
      178.80
      156.07
      231.82
      190.77
      175.86
      180.01
      152.91
      168.13
      181.55
      127.10
      187.35
      177.58
      114.58
      166.84
      170.85
      181.69
      167.50
      139.79
      164.96
      174.45
      147.51
      180.11
      179.78
      152.86
      140.42
      187.38
      127.91
      176.72
      189.31
      138.92
      190.19
      189.94
      181.54
      180.05
      194.04
      174.89
      161.90
      165.81
      202.58
      170.45
      193.86
      202.90
      171.78
      193.02
      160.13
      121.24
      165.37
      152.55
      177.32
      179.72
      160.16
      149.03
      145.72
      231.61
      169.52
      188.97
      140.54
      128.38
      154.25
      190.44
      166.10
      191.57
      211.15
      214.69
      170.35
      185.18
      191.99
      162.98
      164.61
      152.71
      164.09
      182.65
      153.24
      194.85
      126.17
      141.24
      206.40
      178.77
      155.82
      168.36
      174.17
      158.75
      159.25
      182.84
      158.20
      188.83
      160.15
      181.69
      209.09
      197.55
      136.44
      169.91
      188.80
      197.97
      148.04
      194.72
      191.64
      153.05
      154.81
      193.24
      175.30
      170.48
      140.02
      139.03
      150.49
      162.55
      169.71
      142.46
      162.68
      150.55
      164.14
      168.80
      176.76
      187.01
      185.51
      176.66
      227.26
      132.03
      171.65
      153.99
      169.37
      132.91
      130.68
      172.84
      169.29
      179.91
      212.43
      181.81
      166.81
      148.87
      169.25
      160.75
      133.69
      156.43
      165.70
      148.00
      184.66
      166.87
      147.31
      133.96
      167.19
      181.05
      150.62
      202.04
      173.22
      169.68
      153.07
      177.45
      193.82
      166.75
      178.29
      172.22
      172.27
      175.08
      153.66
      154.44
      142.83
      155.76
      169.53
      171.71
      176.03
      136.80
      166.48
      215.68
      185.01
      187.53
      157.76
      162.28
      184.89
      162.48
      162.25
      186.61
      167.19
      141.32
      192.33
      172.11
      122.00
      172.66
      165.25
      183.77
      181.82
      162.23
      149.64
      204.35
      155.64
      126.05
      147.38
      170.87
      141.04
      219.34
      169.35
      162.14
      180.66
      186.29
      189.68
      200.22
      144.80
      201.08
      177.46
      165.02
      197.89
      194.56
      180.00
      154.57
      181.93
      152.21
      164.93
      192.74
      138.86
      142.90
      204.81
      186.59
      197.88
      153.63
      139.62
      158.79
      185.64
      175.92
      194.09
      181.21
      191.79
      157.46
      147.43
      174.76
      174.60
      169.08
      172.82
      159.13
      155.09
      145.60
      195.53
      173.50
      171.95
      152.25
      190.98
      141.12
      184.79
      153.65
      173.49
      157.76
      176.92
      142.50
      212.04
      164.48
      171.65
      159.02
      195.42
      198.70
      168.90
      184.94
      180.18
      211.71
      167.28
      176.44
      120.93
      197.31
      169.61
      189.37
      184.64
      188.60
      198.64
      139.86
      168.17
      172.77
      167.51
      175.72
      177.96
      159.88
      148.93
      197.04
      191.48
      144.48
      171.14
      197.56
      182.30
      172.12
      130.87
      204.58
      179.81
      174.17
      193.97
      178.30
      157.41
      136.55
      178.54
      164.16
      186.86
      193.14
